124.15493636962749
670.3024785668606
932.0129828091864
360.6351253979017
611.3339409832167
396.81207654329654
37.95550599796027
928.2354123609038
199.0395684711479
514.7772734291967
161.36190032526986
510.73505040914534
521.0613576789586
793.414862076088
229.44252557834966
4.063594425215866
120.30925735611464
208.42346856539206
697.1383976300792
928.1324460967338
413.67598042653776
164.66803771833372
68.3267595794843
599.5773756870707
804.8252948809096
952.4825982590953
688.5760617631224
339.36098244165436
445.09307943168017
0.6636632698071576
642.445946056207
648.7606347725439
44.800808078382715
720.6946474143505
439.86834648913776
290.2614715361352
181.51308285156819
578.7587037602434
751.4756667690349
494.05723586895976
426.63469491134407
197.7548515742852
714.7801260538009
310.16850648916414
413.29457377150425
723.6879270098254
138.03390633467282
191.61940213190786
840.2737705608049
650.1956174115874
581.450758119664
119.95153777356205
83.0665173699534
858.8734698831341
646.893846231341
32.09351841843966
16.862099248974417
967.0774762249736
184.11140710291642
886.0559673399058
963.2675747560853
325.82039543649233
315.13307606102046
699.5809693398141
951.8289002004962
508.870419275368
45.64959624638032
351.04368238236094
708.8286075214512
671.9979750028305
611.4229799124022
311.17273968424854
594.018439585706
643.8980215100464
47.90527096037622
772.622918859485
196.11865483363056
226.422013951444
941.5875703521633
144.36739248254537
940.3015813970625
74.27818166272037
427.0518186804345
327.7031563849395
920.9102672891486
606.058609186418
149.80803604225002
879.2086481934285
848.2449404796722
425.9974546380577
128.6817560111021
986.3251398909194
907.5314316001537
635.9402013530138
347.7037121575531
333.3650228373071
229.75353719824687
48.416406302901
586.6272595748935
584.8444830158471
762.1545365990714
75.10576570485883
91.1520147231849
112.91327687198071
993.5883286843393
902.4169306031707
770.516017880964
671.7424943392109
218.16079392781563
847.7794456161483
261.23746745706734
107.04695157059885
831.2044636568412
177.06731527707353
555.6866216232467
338.3309803712716
22.528781095268457
11.855358298031415
734.2973787633806
498.1072837083091
514.2090229486226
681.1839239585181
627.407090444574
450.1526724327275
411.2240280705791
225.39464782783426
492.87829491719737
736.662268790167
43.0334380067593
835.3959768865907
104.11225301699967
132.24358326978347
715.1466658245483
180.23594305144718
99.17085095935596
965.7706185387227
607.2573260116883
149.06820675057673
473.6043043992425
782.6562252195369
635.7046880915349
866.529007580648
263.7646801742202
246.91524594301728
473.64156214501185
296.26333190602236
392.8752852103492
814.4143936375992
867.9871252289677
450.7726443784164
13.9282514384359
415.1197603456757
495.8448301351297
70.78202133840728
388.8210519976184
473.1748571961113
575.753858814254
81.4872778020691
407.08564216747345
225.387725749029
107.78798375892995
400.4730037173312
369.41973024807305
776.0976006395633
808.7639492583708
291.56959930637004
28.03443226978097
448.28741766902436
557.712846485152
331.09123413420195
982.4811129006293
462.54561071755575
914.8291194701269
814.788949766844
824.8313840491556
895.8107205825052
288.3387663364029
423.1264339539379
573.6145521845432
182.71560518683717
666.7854107315972
541.24733016311
219.31085818125194
357.0816950854714
631.1954103316683
947.7080883450179
352.17525704656407
167.28685446397284
510.0581768404446
471.9282553266141
497.3657076363406
550.5210871551227
274.27168637131615
810.1821877530858
554.043528415091
915.3950141181159
707.1265009875631
197.836283450765
207.3703540847468
382.77300846546206
209.76090645145064
413.98928378468804
381.44015967995324
578.7566516614336
907.4097384244681
28.616297271197077
154.03677316049414
422.1330840176271
165.68326993782145
491.7849369627609
572.2962026840036
617.5874073806214
18.385068523475656
948.2319476285505
601.7110425677306
997.4573579291276
235.41975668315874
371.35443347759013
592.8247249843935
318.1524061448431
774.6725988328193
522.0543756742769
211.55767332253083
228.75286065357292
672.939384322988
424.76899496253884
480.0128513795859
112.53932742175654
552.4977608003708
909.2481490957562
561.3886875388503
853.4999516503318
833.157646311404
469.05191442633867
465.6909282593675
418.0763966293931
163.64928992559612
590.19446230724
909.194808750776
564.2968635324739
188.28307326502002
236.74259073032889
46.847990875478416
534.6309198967592
825.6413202180867
748.3469947938867
396.8010959936676
170.53937350559212
526.2943426355139
518.8014289928972
769.9198744002132
494.3188428105461
796.166848796299
430.7195474148149
409.5629064253438
126.64596374688008
635.6676286290575
88.41001606728105
574.2284455966741
865.8009222069718
59.98615457254053
531.3230356015947
116.1528221665924
612.2204122607852
13.50822640838334
712.6793767244492
505.88956213146463
457.93058553464505
868.361837751058
713.5294136705859
592.056647567441
7.829645388657713
435.9388539960227
916.482088186598
473.0358351509369
818.9838454483422
571.6674015664845
116.61237262493118
796.0995993077584
146.43016514981144
744.3320010078158
918.0483038219792
706.3317411599119
192.18198130272168
80.41085433734996
553.3805704756987
520.6230811217793
727.3687852468025
433.6241088790511
974.8542021113446
87.97607528437456
564.3012469585047
215.71476033012772
259.1074641273342
368.47472186373466
140.3806273001067
834.2211882694857
691.2180715412469
340.24832830012383
765.5048316367221
257.0954668566571
921.9881174044358
533.9878860038435
673.3219111906191
165.0452916401226
953.0210107270974
751.1130475521793
410.9594943639552
419.1095372821175
919.6134408790341
677.4411734203323
864.5418931627047
101.03175358251248
921.4265046270125
974.173040271314
596.8358865823208
375.5404619756896
611.8464641967593
417.89169223676726
0.6152908173706617
889.846041877449
178.12989246977918
360.7117055989579
593.5673830644744
481.9574370275923
235.45590682017314
956.0019516601278
699.3729528831412
665.5110221629634
353.1347832443833
619.4802920852541
593.8586360511523
301.54648414166473
244.0375712968995
908.5735854164348
984.7543290784402
338.9578950658776
253.58049191049824
627.0886555449862
165.5902858043674
890.4377553224132
191.38560254504932
934.6982064210999
673.9384037886355
189.61346516041033
887.6725355971149
271.07196337307295
836.4337612223388
3.103398065506857
607.8905495103127
849.1924679565517
793.147864945516
482.7351915919936
9.894097274465663
793.3910416635637
732.9018292629327
456.35448342086494
834.1555439686506
452.2852614215235
313.40023777765794
983.639183714265
326.31692067976235
410.271825822308
43.399393396023164
707.7776721625628
651.4098332730515
424.5174510849057
788.901964295211
471.32191041351103
701.9701622801408
714.6795903100303
732.1999157962128
844.0094253996833
306.77559667291143
967.9700234706373
241.22512649900173
437.57747575329944
360.8467556896249
861.7229809913763
439.5739236190034
62.985659911644845
119.02092878244963
118.24206169239415
683.1155576240086
739.6940390471991
293.29566268419546
57.26958966193929
127.14065617205395
749.6447572321136
823.4814557345976
919.6354712568602
39.09839823879469
456.9106570972738
154.41548673170658
813.1506495173996
881.4405250867196
591.4928866459676
79.48736820276036
175.64310110971937
584.7628061767452
323.863893564542
363.95500996423533
704.9264653590888
142.0615893919772
53.96756110286815
923.7987724236162
180.47775581375913
198.78662655523806
722.4493248267949
702.8926828639113
113.66210286021206
658.7173804009943
149.34614617703556
594.2361985715037
373.1294833370331
696.4614245039029
954.3325772866159
746.2976485743503
159.07962312013478
298.6026429414164
492.5144005638427
670.5105825130464
921.8867015736289
654.0938127509955
736.5700493994799
727.5765344610211
395.3735262126793
717.8206490943693
57.623666710923224
558.3664036088724
9.231229738603464
497.90462693341874
881.1600711444988
166.42207734275416
149.77968365172302
620.0087268317069
62.38324355960534
516.3201733504517
940.9041194777122
942.480500366756
506.4553190004623
500.2957883588345
795.7410625867906
527.5836166776089
532.0384263055506
264.05740769128596
912.9977334212269
383.1665536366151
141.08763285238803
225.10690892951223
252.5254031108346
878.1039822486163
761.0040096320894
747.3288066049437
684.6099926663223
137.2523219596561
980.1198402587521
530.6413791684158
878.829106325041
248.19855297438608
923.6874193606501
207.50406684254108
478.95936859917254
179.23512082544923
388.63915699273366
926.3859641853601
415.61552912780905
421.6867974111025
307.41509496245266
94.78341881227948
511.98092604117693
424.37083433483116
673.2004635448324
541.1025554507688
181.7174834396177
394.9521472869449
352.42613840544857
815.3038868691286
290.3780296581305
349.48591923005637
596.2617280693294
282.7742159508765
103.18945147674796
397.4981352998309
933.0636067242408
739.8434084438876
279.0616389215895
796.1754180570174
261.5337945614109
415.77746946863516
73.50468498684981
548.9786055624361
283.9064043212338
534.2388966328027
536.9935527694591
480.8461553603136
609.2022287043948
409.48776146073527
419.7788910886742
726.3127295031547
